44.695,44.010,2.545
44.695,44.010,3.545
44.695,44.010,4.545
44.695,44.010,5.545
44.695,44.010,6.545
44.695,44.010,7.545
44.695,44.010,8.545
44.695,44.010,9.545
44.695,44.010,10.545
44.695,44.010,11.545
44.695,44.010,12.545
44.695,44.010,13.545
44.695,44.010,14.545
44.695,44.010,15.545
44.695,44.010,16.545
44.695,44.010,17.545
44.695,44.010,18.545
44.695,44.010,19.545
44.695,44.010,20.545
44.695,44.010,21.545
44.695,44.010,22.545
44.695,44.010,23.545
44.695,44.010,24.545
44.695,44.010,25.545
44.695,44.010,26.545
44.695,44.010,27.545
44.695,44.010,28.545
44.695,44.010,29.545
44.695,44.010,30.545
44.695,44.010,31.545
44.695,44.010,32.545
44.695,44.010,33.545
44.695,44.010,34.545
44.695,44.010,35.545
44.695,44.010,36.545
44.695,44.010,37.545
44.695,44.010,38.545
44.695,44.010,39.545
44.695,44.010,40.545
44.695,44.010,41.545
44.695,44.010,42.545
44.695,44.010,43.545
44.695,44.010,44.545
44.695,44.010,45.545
44.695,44.010,46.545
44.695,44.010,47.545
44.695,44.010,48.545
44.695,44.010,49.545
44.695,44.010,50.545
44.695,44.010,51.545
44.695,44.010,52.545
44.695,44.010,53.545
44.695,44.010,54.545
44.695,44.010,55.545
44.695,44.010,56.545
44.695,44.010,57.545
44.695,44.010,58.545
44.695,44.010,59.545
44.695,44.010,60.545
44.695,44.010,61.545
44.695,44.010,62.545
44.695,44.010,63.545
44.695,44.010,64.545
44.695,44.010,65.545
44.695,44.010,66.545
44.695,44.010,67.545
44.695,44.010,68.545
44.695,44.010,69.545
44.695,44.010,70.545
44.695,44.010,71.545
44.695,44.010,72.545
44.695,44.010,73.545
44.695,44.010,74.545
44.695,44.010,75.545
44.695,44.010,76.545
44.695,44.010,77.545
44.695,44.010,78.545
44.695,44.010,79.545
44.695,44.010,80.545
44.695,44.010,81.545
44.695,44.010,82.545
44.695,44.010,83.545
44.695,44.010,84.545
44.695,44.010,85.545
44.695,44.010,86.545
44.695,44.010,87.545
44.695,44.010,88.545
44.695,44.010,89.545
44.695,44.010,90.545
44.695,44.010,91.545
44.695,44.010,92.545
44.695,44.010,93.545
44.695,44.010,94.545
44.695,44.010,95.545
44.695,44.010,96.545
44.695,44.010,97.545
44.695,44.010,98.545
44.695,44.010,99.545
44.695,44.010,100.545
44.695,44.010,101.545
44.695,44.010,102.545
44.695,44.010,103.545
44.695,44.010,104.545
44.695,44.010,105.545
44.695,44.010,106.545
44.695,44.010,107.545
44.695,44.010,108.545
44.695,44.010,109.545
44.695,44.010,110.545
44.695,44.010,111.545
44.695,44.010,112.545
44.695,44.010,113.545
44.695,44.010,114.545
44.695,44.010,115.545
44.695,44.010,116.545
44.695,44.010,117.545
44.695,44.010,118.545
44.695,44.010,119.545
44.695,44.010,120.545
44.695,44.010,121.545
44.695,44.010,122.545
44.695,44.010,123.545
44.695,44.010,124.545
44.695,44.010,125.545
44.695,44.010,126.545
44.695,44.010,127.545
44.695,44.010,128.545
44.695,44.010,129.545
44.695,44.010,130.545
44.695,44.010,131.545
44.695,44.010,132.545
44.695,44.010,133.545
44.695,44.010,134.545
44.695,44.010,135.545
44.695,44.010,136.545
44.695,44.010,137.545
44.695,44.010,138.545
44.695,44.010,139.545
44.695,44.010,140.545
44.695,44.010,141.545
44.695,44.010,142.545
44.695,44.010,143.545
44.695,44.010,144.545
44.695,44.010,145.545
44.695,44.010,146.545
44.695,44.010,147.545
44.695,44.010,148.545
44.695,44.010,149.545
44.695,44.010,150.545
44.695,44.010,151.545
44.695,44.010,152.545
44.695,44.010,153.545
44.695,44.010,154.545
44.695,44.010,155.545
44.695,44.010,156.545
44.695,44.010,157.545
44.695,44.010,158.545
44.695,44.010,159.545
44.695,44.010,160.545
44.695,44.010,161.545
44.695,44.010,162.545
44.695,44.010,163.545
44.695,44.010,164.545
44.695,44.010,165.545
44.695,44.010,166.545
44.695,44.010,167.545
44.695,44.010,168.545
44.695,44.010,169.545
44.695,44.010,170.545
44.695,44.010,171.545
44.695,44.010,172.545
44.695,44.010,173.545
44.695,44.010,174.545
44.695,44.010,175.545
44.695,44.010,176.545
44.695,44.010,177.545
44.695,44.010,178.545
44.695,44.010,179.545
44.695,44.010,180.545
44.695,44.010,181.545
44.695,44.010,182.545
44.695,44.010,183.545
44.695,44.010,184.545
44.695,44.010,185.545
44.695,44.010,186.545
44.695,44.010,187.545
44.695,44.010,188.545
44.695,44.010,189.545
44.695,44.010,190.545
44.695,44.010,191.545
44.695,44.010,192.545
44.695,44.010,193.545
44.695,44.010,194.545
44.695,44.010,195.545
44.695,44.010,196.545
44.695,44.010,197.545
44.695,44.010,198.545
44.695,44.010,199.545
44.695,44.010,200.545
44.695,44.010,201.545
44.695,44.010,202.545
44.695,44.010,203.545
44.695,44.010,204.545
44.695,44.010,205.545
44.695,44.010,206.545
