45.735,43.205,8.985
45.735,43.205,9.985
45.735,43.205,10.985
45.735,43.205,11.985
45.735,43.205,12.985
45.735,43.205,13.985
45.735,43.205,14.985
45.735,43.205,15.985
45.735,43.205,16.985
45.735,43.205,17.985
45.735,43.205,18.985
45.735,43.205,19.985
45.735,43.205,20.985
45.735,43.205,21.985
45.735,43.205,22.985
45.735,43.205,23.985
45.735,43.205,24.985
45.735,43.205,25.985
45.735,43.205,26.985
45.735,43.205,27.985
45.735,43.205,28.985
45.735,43.205,29.985
45.735,43.205,30.985
45.735,43.205,31.985
45.735,43.205,32.985
45.735,43.205,33.985
45.735,43.205,34.985
45.735,43.205,35.985
45.735,43.205,36.985
45.735,43.205,37.985
45.735,43.205,38.985
45.735,43.205,39.985
45.735,43.205,40.985
45.735,43.205,41.985
45.735,43.205,42.985
45.735,43.205,43.985
45.735,43.205,44.985
45.735,43.205,45.985
45.735,43.205,46.985
45.735,43.205,47.985
45.735,43.205,48.985
45.735,43.205,49.985
45.735,43.205,50.985
45.735,43.205,51.985
45.735,43.205,52.985
45.735,43.205,53.985
45.735,43.205,54.985
45.735,43.205,55.985
45.735,43.205,56.985
45.735,43.205,57.985
45.735,43.205,58.985
45.735,43.205,59.985
45.735,43.205,60.985
45.735,43.205,61.985
45.735,43.205,62.985
45.735,43.205,63.985
45.735,43.205,64.985
45.735,43.205,65.985
45.735,43.205,66.985
45.735,43.205,67.985
45.735,43.205,68.985
45.735,43.205,69.985
45.735,43.205,70.985
45.735,43.205,71.985
45.735,43.205,72.985
45.735,43.205,73.985
45.735,43.205,74.985
45.735,43.205,75.985
45.735,43.205,76.985
45.735,43.205,77.985
45.735,43.205,78.985
45.735,43.205,79.985
45.735,43.205,80.985
45.735,43.205,81.985
45.735,43.205,82.985
45.735,43.205,83.985
45.735,43.205,84.985
45.735,43.205,85.985
45.735,43.205,86.985
45.735,43.205,87.985
45.735,43.205,88.985
45.735,43.205,89.985
45.735,43.205,90.985
45.735,43.205,91.985
45.735,43.205,92.985
45.735,43.205,93.985
45.735,43.205,94.985
45.735,43.205,95.985
45.735,43.205,96.985
45.735,43.205,97.985
45.735,43.205,98.985
45.735,43.205,99.985
45.735,43.205,100.985
45.735,43.205,101.985
45.735,43.205,102.985
45.735,43.205,103.985
45.735,43.205,104.985
45.735,43.205,105.985
45.735,43.205,106.985
45.735,43.205,107.985
45.735,43.205,108.985
45.735,43.205,109.985
45.735,43.205,110.985
45.735,43.205,111.985
45.735,43.205,112.985
45.735,43.205,113.985
45.735,43.205,114.985
45.735,43.205,115.985
45.735,43.205,116.985
45.735,43.205,117.985
45.735,43.205,118.985
45.735,43.205,119.985
45.735,43.205,120.985
45.735,43.205,121.985
45.735,43.205,122.985
45.735,43.205,123.985
45.735,43.205,124.985
45.735,43.205,125.985
45.735,43.205,126.985
45.735,43.205,127.985
45.735,43.205,128.985
45.735,43.205,129.985
45.735,43.205,130.985
45.735,43.205,131.985
45.735,43.205,132.985
45.735,43.205,133.985
45.735,43.205,134.985
45.735,43.205,135.985
45.735,43.205,136.985
45.735,43.205,137.985
45.735,43.205,138.985
45.735,43.205,139.985
45.735,43.205,140.985
45.735,43.205,141.985
45.735,43.205,142.985
45.735,43.205,143.985
45.735,43.205,144.985
45.735,43.205,145.985
45.735,43.205,146.985
45.735,43.205,147.985
45.735,43.205,148.985
45.735,43.205,149.985
45.735,43.205,150.985
45.735,43.205,151.985
45.735,43.205,152.985
45.735,43.205,153.985
45.735,43.205,154.985
45.735,43.205,155.985
45.735,43.205,156.985
45.735,43.205,157.985
45.735,43.205,158.985
45.735,43.205,159.985
45.735,43.205,160.985
45.735,43.205,161.985
45.735,43.205,162.985
45.735,43.205,163.985
45.735,43.205,164.985
45.735,43.205,165.985
45.735,43.205,166.985
45.735,43.205,167.985
45.735,43.205,168.985
45.735,43.205,169.985
45.735,43.205,170.985
45.735,43.205,171.985
45.735,43.205,172.985
45.735,43.205,173.985
45.735,43.205,174.985
45.735,43.205,175.985
45.735,43.205,176.985
45.735,43.205,177.985
45.735,43.205,178.985
45.735,43.205,179.985
45.735,43.205,180.985
45.735,43.205,181.985
45.735,43.205,182.985
45.735,43.205,183.985
45.735,43.205,184.985
45.735,43.205,185.985
45.735,43.205,186.985
45.735,43.205,187.985
45.735,43.205,188.985
45.735,43.205,189.985
45.735,43.205,190.985
45.735,43.205,191.985
45.735,43.205,192.985
45.735,43.205,193.985
45.735,43.205,194.985
45.735,43.205,195.985
45.735,43.205,196.985
45.735,43.205,197.985
45.735,43.205,198.985
45.735,43.205,199.985
45.735,43.205,200.985
45.735,43.205,201.985
45.735,43.205,202.985
45.735,43.205,203.985
45.735,43.205,204.985
45.735,43.205,205.985
45.735,43.205,206.985
45.735,43.205,207.985
45.735,43.205,208.985
45.735,43.205,209.985
45.735,43.205,210.985
45.735,43.205,211.985
45.735,43.205,212.985
